CLANG
1)KCOV 3.129; 0.055
1. 3.306
2. 3.132
3. 3.121
4. 3.115
5. 3.104
6. 3.120
7. 3.080
8. 3.109
9. 3.138
10. 3.110
11. 3.112
12. 3.099

2)LLVM-COV 3.046; 0.016
1. 3.055
2. 3.058
3. 3.036
4. 3.031
5. 3.020
6. 3.027
7. 3.045
8. 3.055
9. 3.084
10. 3.043
11. 3.045
12. 3.053



GCC:
1)KCOV 2.570; 0.055
1. 2.530
2. 2.538
3. 2.533
4. 2.543
5. 2.700
6. 2.681
7. 2.533
8. 2.561
9. 2.548
10. 2.575
11. 2.552
12. 2.543

2)GCOV 2.655; 0.010
1. 2.664
2. 2.665
3. 2.644
4. 2.651
5. 2.663
6. 2.645
7. 2.641
8. 2.648
9. 2.669
10. 2.655
11. 2.672
12. 2.650
