CLANG
1)KCOV 0.757; 0.012
1. 0.765
2. 0.749
3. 0.791
4. 0.743
5. 0.755
6. 0.746
7. 0.751
8. 0.749
9. 0.762
10. 0.763
11. 0.756
12. 0.753

2)LLVM-COV 0.707; 0.015
1. 0.697
2. 0.721
3. 0.706
4. 0.698
5. 0.703
6. 0.709
7. 0.707
8. 0.751
9. 0.699
10. 0.706
11. 0.697
12. 0.695



GCC:
1)KCOV 0.758; 0.012
1. 0.742
2. 0.774
3. 0.751
4. 0.746
5. 0.771
6. 0.755
7. 0.759
8. 0.773
9. 0.740
10. 0.757
11. 0.771
12. 0.754

2)GCOV 0.672; 0.008
1. 0.681
2. 0.682
3. 0.677
4. 0.665
5. 0.687
6. 0.670
7. 0.669
8. 0.671
9. 0.663
10. 0.659
11. 0.663
12. 0.675
